48
121
144
151
153
168
182
190
254
270
300
345
358
415
430
490
500
506
560
565
642
647
657
670
674
679
680
687
695
696
698
701
702
702
704
715
740
749
753
775
779
793
806
809
818
818
824
864
910
919
930
947
957
983
1020
1023
1049
1065
1074
1076
1077
1081
1099
1120
1126
1138
1143
1175
1215
1215
1224
1229
1230
1231
1235
1243
1252
1262
1291
1337
1339
1352
1354
1369
1372
1375
1384
1403
1410
1422
1425
1440
1465
1467
1467
1480
1495
1497
1506
1510
1513
1515
1519
1524
1533
1542
1551
1587
1587
1590
1597
1603
1610
1619
1624
1634
1635
1640
1641
1643
1648
1676
1687
1704
1711
1712
1755
1757
1772
1777
1822
1834
1838
1839
1845
1854
1857
1866
1875
1877
1878
1882
1890
1897
1906
1912
1929
1936
1955
1979
1992
1992
2010
2010
2014
2021
2026
2028
2029
2041
2042
2054
2059
2093
2098
2099
2106
2135
2152
2159
2162
2173
2187
2190
2229
2235
2245
2246
2252
2264
2278
2306
2318
2319
2329
2332
2348
2349
2350
2354
2370
2377
2377
2379
2385
2393
2399
2407
2415
2423
2443
2447
2451
2452
2455
2473
2496
2497
2501
2509
2515
2518
2523
2532
2543
2568
2570
2592
2593
2602
2615
2648
2650
2658
2660
2664
2705
2709
2712
2714
2716
2742
2753
2758
2770
2773
2780
2820
2829
2837
2841
2848
2854
2865
2887
2903
2909
2917
2922
2925
2931
2934
2940
2947
2949
2964
2975
2979
3016
3046
3063
3067
3071
3085
3088
3096
3099
3123
3163
3181
3183
3193
3209
3216
3231
3256
3268
3271
3272
3279
3281
3289
3294
3344
3375
3393
3401
3405
3409
3437
3444
3460
3463
3464
3466
3476
3491
3512
3560
3617
3623
3628
3629
3630
3712
3735
3783
3793
3793
3807
3817
3831
3858
3904
3913
3914
3932
3992
3996
4004
4006
4028
4031
4045
4061
4077
4116
4139
4139
4147
4147
4151
4192
4198
4218
4234
4252
4267
4268
4270
4315
4321
4337
4344
4345
4405
4410
4418
4420
4434
4434
4447
4448
4454
4457
4468
4470
4475
4476
4509
4531
4532
4540
4555
4568
4598
4613
4617
4619
4620
4633
4646
4655
4656
4668
4673
4682
4697
4704
4714
4714
4723
4746
4747
4749
4758
4780
4814
4815
4837
4847
4855
4869
4870
4881
4882
4882
4887
4928
4938
4940
4949
4950
4950
4960
4963
4972
4978
4987